(kicad_pcb (version 20171130) (host pcbnew "(5.0.0)")

  (general
    (thickness 1.6)
    (drawings 0)
    (tracks 0)
    (zones 0)
    (modules 48)
    (nets 53)
  )

  (page A4)
  (layers
    (0 F.Cu signal)
    (31 B.Cu signal)
    (32 B.Adhes user)
    (33 F.Adhes user)
    (34 B.Paste user)
    (35 F.Paste user)
    (36 B.SilkS user)
    (37 F.SilkS user)
    (38 B.Mask user)
    (39 F.Mask user)
    (40 Dwgs.User user)
    (41 Cmts.User user)
    (42 Eco1.User user)
    (43 Eco2.User user)
    (44 Edge.Cuts user)
    (45 Margin user)
    (46 B.CrtYd user)
    (47 F.CrtYd user)
    (48 B.Fab user)
    (49 F.Fab user)
  )

  (setup
    (last_trace_width 0.25)
    (trace_clearance 0.2)
    (zone_clearance 0.508)
    (zone_45_only no)
    (trace_min 0.2)
    (segment_width 0.2)
    (edge_width 0.15)
    (via_size 0.8)
    (via_drill 0.4)
    (via_min_size 0.4)
    (via_min_drill 0.3)
    (uvia_size 0.3)
    (uvia_drill 0.1)
    (uvias_allowed no)
    (uvia_min_size 0.2)
    (uvia_min_drill 0.1)
    (pcb_text_width 0.3)
    (pcb_text_size 1.5 1.5)
    (mod_edge_width 0.15)
    (mod_text_size 1 1)
    (mod_text_width 0.15)
    (pad_size 1.524 1.524)
    (pad_drill 0.762)
    (pad_to_mask_clearance 0.2)
    (aux_axis_origin 0 0)
    (visible_elements FFFFFF7F)
    (pcbplotparams
      (layerselection 0x010fc_ffffffff)
      (usegerberextensions false)
      (usegerberattributes false)
      (usegerberadvancedattributes false)
      (creategerberjobfile false)
      (excludeedgelayer true)
      (linewidth 0.100000)
      (plotframeref false)
      (viasonmask false)
      (mode 1)
      (useauxorigin false)
      (hpglpennumber 1)
      (hpglpenspeed 20)
      (hpglpendiameter 15.000000)
      (psnegative false)
      (psa4output false)
      (plotreference true)
      (plotvalue true)
      (plotinvisibletext false)
      (padsonsilk false)
      (subtractmaskfromsilk false)
      (outputformat 1)
      (mirror false)
      (drillshape 1)
      (scaleselection 1)
      (outputdirectory ""))
  )

  (net 0 "")
  (net 1 /MOSI)
  (net 2 +3V3)
  (net 3 +5V)
  (net 4 /SS)
  (net 5 /MISO)
  (net 6 /SCK)
  (net 7 /LEDS)
  (net 8 /BOW)
  (net 9 /SPEAKER)
  (net 10 "Net-(C2-Pad1)")
  (net 11 GND)
  (net 12 "Net-(BT1-Pad1)")
  (net 13 "Net-(C10-Pad1)")
  (net 14 "Net-(D2-Pad1)")
  (net 15 "Net-(D1-Pad2)")
  (net 16 "Net-(C7-Pad2)")
  (net 17 /~RST)
  (net 18 "Net-(C1-Pad1)")
  (net 19 "Net-(U3-Pad4)")
  (net 20 /PB4)
  (net 21 "Net-(U1-Pad3)")
  (net 22 "Net-(U1-Pad6)")
  (net 23 "Net-(U1-Pad10)")
  (net 24 "Net-(U1-Pad11)")
  (net 25 "Net-(U1-Pad12)")
  (net 26 "Net-(U1-Pad13)")
  (net 27 "Net-(U1-Pad18)")
  (net 28 "Net-(U1-Pad19)")
  (net 29 "Net-(U1-Pad20)")
  (net 30 "Net-(U1-Pad22)")
  (net 31 "Net-(U1-Pad24)")
  (net 32 "Net-(U1-Pad25)")
  (net 33 "Net-(U1-Pad26)")
  (net 34 "Net-(U1-Pad27)")
  (net 35 "Net-(U1-Pad28)")
  (net 36 /PB1)
  (net 37 /PB2)
  (net 38 /PB3)
  (net 39 "Net-(C4-Pad1)")
  (net 40 "Net-(SW1-Pad1)")
  (net 41 "Net-(D4-Pad4)")
  (net 42 "Net-(D5-Pad4)")
  (net 43 "Net-(D6-Pad4)")
  (net 44 "Net-(D3-Pad4)")
  (net 45 "Net-(U2-Pad3)")
  (net 46 "Net-(U2-Pad5)")
  (net 47 "Net-(J2-Pad1)")
  (net 48 /+3.3V)
  (net 49 "Net-(J2-Pad8)")
  (net 50 "Net-(J2-PadP1)")
  (net 51 "Net-(J2-PadSW)")
  (net 52 "Net-(J2-PadDT)")

  (net_class Default "This is the default net class."
    (clearance 0.2)
    (trace_width 0.25)
    (via_dia 0.8)
    (via_drill 0.4)
    (uvia_dia 0.3)
    (uvia_drill 0.1)
    (add_net +3V3)
    (add_net +5V)
    (add_net /+3.3V)
    (add_net /BOW)
    (add_net /LEDS)
    (add_net /MISO)
    (add_net /MOSI)
    (add_net /PB1)
    (add_net /PB2)
    (add_net /PB3)
    (add_net /PB4)
    (add_net /SCK)
    (add_net /SPEAKER)
    (add_net /SS)
    (add_net /~RST)
    (add_net GND)
    (add_net "Net-(BT1-Pad1)")
    (add_net "Net-(C1-Pad1)")
    (add_net "Net-(C10-Pad1)")
    (add_net "Net-(C2-Pad1)")
    (add_net "Net-(C4-Pad1)")
    (add_net "Net-(C7-Pad2)")
    (add_net "Net-(D1-Pad2)")
    (add_net "Net-(D2-Pad1)")
    (add_net "Net-(D3-Pad4)")
    (add_net "Net-(D4-Pad4)")
    (add_net "Net-(D5-Pad4)")
    (add_net "Net-(D6-Pad4)")
    (add_net "Net-(J2-Pad1)")
    (add_net "Net-(J2-Pad8)")
    (add_net "Net-(J2-PadDT)")
    (add_net "Net-(J2-PadP1)")
    (add_net "Net-(J2-PadSW)")
    (add_net "Net-(SW1-Pad1)")
    (add_net "Net-(U1-Pad10)")
    (add_net "Net-(U1-Pad11)")
    (add_net "Net-(U1-Pad12)")
    (add_net "Net-(U1-Pad13)")
    (add_net "Net-(U1-Pad18)")
    (add_net "Net-(U1-Pad19)")
    (add_net "Net-(U1-Pad20)")
    (add_net "Net-(U1-Pad22)")
    (add_net "Net-(U1-Pad24)")
    (add_net "Net-(U1-Pad25)")
    (add_net "Net-(U1-Pad26)")
    (add_net "Net-(U1-Pad27)")
    (add_net "Net-(U1-Pad28)")
    (add_net "Net-(U1-Pad3)")
    (add_net "Net-(U1-Pad6)")
    (add_net "Net-(U2-Pad3)")
    (add_net "Net-(U2-Pad5)")
    (add_net "Net-(U3-Pad4)")
  )

  (module MOLEX_503182-1852 (layer F.Cu) (tedit 0) (tstamp 5DB89135)
    (at 26.5 63.5)
    (path /5DBBD4B3)
    (attr smd)
    (fp_text reference J2 (at -8.64903 4.21685 90) (layer F.SilkS)
      (effects (font (size 1.00162 1.00162) (thickness 0.05)))
    )
    (fp_text value 503182-1852 (at 8.63712 3.58418 90) (layer F.SilkS)
      (effects (font (size 1.00257 1.00257) (thickness 0.05)))
    )
    (fp_poly (pts (xy 7.08472 1.775) (xy 7.47 1.775) (xy 7.47 4.18369) (xy 7.08472 4.18369)) (layer Eco1.User) (width 0))
    (fp_poly (pts (xy -3.65928 -0.725) (xy 5.55 -0.725) (xy 5.55 2.68181) (xy -3.65928 2.68181)) (layer Dwgs.User) (width 0))
    (fp_poly (pts (xy -3.65585 -5.485) (xy 5.55 -5.485) (xy 5.55 -0.726161) (xy -3.65585 -0.726161)) (layer Dwgs.User) (width 0))
    (fp_poly (pts (xy -3.65772 -5.485) (xy 5.55 -5.485) (xy 5.55 -0.726534) (xy -3.65772 -0.726534)) (layer Dwgs.User) (width 0))
    (fp_poly (pts (xy -3.65471 -5.485) (xy 5.55 -5.485) (xy 5.55 -0.725935) (xy -3.65471 -0.725935)) (layer Dwgs.User) (width 0))
    (fp_line (start -7.07 -8.225) (end 7.07 -8.225) (layer Eco2.User) (width 0.127))
    (fp_line (start 7.07 -8.225) (end 7.07 6.725) (layer Eco2.User) (width 0.127))
    (fp_line (start 7.07 6.725) (end -7.07 6.725) (layer Eco2.User) (width 0.127))
    (fp_line (start -7.07 6.725) (end -7.07 -8.225) (layer Eco2.User) (width 0.127))
    (fp_line (start -8 7.25) (end 8 7.25) (layer Eco1.User) (width 0.05))
    (fp_line (start 8 7.25) (end 8 -8.5) (layer Eco1.User) (width 0.05))
    (fp_line (start 8 -8.5) (end -8 -8.5) (layer Eco1.User) (width 0.05))
    (fp_line (start -8 -8.5) (end -8 7.25) (layer Eco1.User) (width 0.05))
    (fp_line (start -7.07 -7.28) (end -7.07 -8.225) (layer F.SilkS) (width 0.127))
    (fp_line (start -7.07 -8.225) (end 7.07 -8.225) (layer F.SilkS) (width 0.127))
    (fp_line (start 7.07 -8.225) (end 7.07 -7.28) (layer F.SilkS) (width 0.127))
    (fp_line (start -1.8 6.725) (end 3.9 6.725) (layer F.SilkS) (width 0.127))
    (fp_circle (center -3.81 -8.89) (end -3.71 -8.89) (layer F.SilkS) (width 0.2))
    (pad 1 smd rect (at -2.9 -6.355) (size 0.8 1.24) (layers F.Cu F.Paste F.Mask)
      (net 47 "Net-(J2-Pad1)"))
    (pad 2 smd rect (at -1.8 -6.355) (size 0.8 1.24) (layers F.Cu F.Paste F.Mask)
      (net 4 /SS))
    (pad 3 smd rect (at -0.7 -6.355) (size 0.8 1.24) (layers F.Cu F.Paste F.Mask)
      (net 1 /MOSI))
    (pad 4 smd rect (at 0.4 -6.355) (size 0.8 1.24) (layers F.Cu F.Paste F.Mask)
      (net 48 /+3.3V))
    (pad 5 smd rect (at 1.5 -6.355) (size 0.8 1.24) (layers F.Cu F.Paste F.Mask)
      (net 6 /SCK))
    (pad 6 smd rect (at 2.6 -6.355) (size 0.8 1.24) (layers F.Cu F.Paste F.Mask)
      (net 11 GND))
    (pad 7 smd rect (at 3.7 -6.355) (size 0.8 1.24) (layers F.Cu F.Paste F.Mask)
      (net 5 /MISO))
    (pad 8 smd rect (at 4.8 -6.355) (size 0.8 1.24) (layers F.Cu F.Paste F.Mask)
      (net 49 "Net-(J2-Pad8)"))
    (pad P1 smd rect (at -7.245 -5.725) (size 0.95 2.5) (layers F.Cu F.Paste F.Mask)
      (net 50 "Net-(J2-PadP1)"))
    (pad P2 smd rect (at 7.145 -5.875) (size 1.15 2.2) (layers F.Cu F.Paste F.Mask)
      (net 50 "Net-(J2-PadP1)"))
    (pad SW smd rect (at 6.74 -3.725) (size 1.16 1.25) (layers F.Cu F.Paste F.Mask)
      (net 51 "Net-(J2-PadSW)"))
    (pad DT smd rect (at 6.74 5.275) (size 1.16 1.2) (layers F.Cu F.Paste F.Mask)
      (net 52 "Net-(J2-PadDT)"))
    (pad P3 smd rect (at -7.145 5.605) (size 1.15 2.2) (layers F.Cu F.Paste F.Mask)
      (net 50 "Net-(J2-PadP1)"))
    (pad P4 smd rect (at -2.84 6.4) (size 1.5 1.15) (layers F.Cu F.Paste F.Mask)
      (net 50 "Net-(J2-PadP1)"))
    (pad P5 smd rect (at 4.94 6.4) (size 1.5 1.15) (layers F.Cu F.Paste F.Mask)
      (net 50 "Net-(J2-PadP1)"))
  )

  (module SOT95P280X145-5N (layer F.Cu) (tedit 0) (tstamp 5DB89110)
    (at 89.760001 77.325001)
    (path /5DA7F96D)
    (attr smd)
    (fp_text reference U2 (at 1.956 -3.289) (layer F.SilkS)
      (effects (font (size 1.4 1.4) (thickness 0.05)))
    )
    (fp_text value TPS613222ADBVT (at 2.645 3.311) (layer F.SilkS)
      (effects (font (size 1.4 1.4) (thickness 0.05)))
    )
    (fp_circle (center -0.95 2.31) (end -0.85 2.31) (layer F.SilkS) (width 0.2))
    (fp_circle (center -0.95 2.31) (end -0.85 2.31) (layer Eco2.User) (width 0.2))
    (fp_line (start -1.525 0.33) (end -1.525 -0.33) (layer F.SilkS) (width 0.127))
    (fp_line (start -0.335 -0.875) (end 0.335 -0.875) (layer F.SilkS) (width 0.127))
    (fp_line (start 1.525 -0.33) (end 1.525 0.33) (layer F.SilkS) (width 0.127))
    (fp_line (start 1.525 0.875) (end -1.525 0.875) (layer Eco2.User) (width 0.127))
    (fp_line (start -1.525 -0.875) (end 1.525 -0.875) (layer Eco2.User) (width 0.127))
    (fp_line (start -1.525 0.875) (end -1.525 -0.875) (layer Eco2.User) (width 0.127))
    (fp_line (start 1.525 -0.875) (end 1.525 0.875) (layer Eco2.User) (width 0.127))
    (fp_line (start -1.775 2.11) (end -1.775 -2.11) (layer Eco1.User) (width 0.05))
    (fp_line (start -1.775 -2.11) (end 1.775 -2.11) (layer Eco1.User) (width 0.05))
    (fp_line (start 1.775 -2.11) (end 1.775 2.11) (layer Eco1.User) (width 0.05))
    (fp_line (start 1.775 2.11) (end -1.775 2.11) (layer Eco1.User) (width 0.05))
    (pad 1 smd rect (at -0.95 1.255) (size 0.59 1.21) (layers F.Cu F.Paste F.Mask)
      (net 15 "Net-(D1-Pad2)"))
    (pad 2 smd rect (at 0 1.255) (size 0.59 1.21) (layers F.Cu F.Paste F.Mask)
      (net 11 GND))
    (pad 3 smd rect (at 0.95 1.255) (size 0.59 1.21) (layers F.Cu F.Paste F.Mask)
      (net 45 "Net-(U2-Pad3)"))
    (pad 4 smd rect (at 0.95 -1.255 180) (size 0.59 1.21) (layers F.Cu F.Paste F.Mask)
      (net 3 +5V))
    (pad 5 smd rect (at -0.95 -1.255 180) (size 0.59 1.21) (layers F.Cu F.Paste F.Mask)
      (net 46 "Net-(U2-Pad5)"))
  )

  (module SW_1825910-7 (layer F.Cu) (tedit 0) (tstamp 5DB890FA)
    (at 68.609001 78.495001)
    (path /5DABD775)
    (fp_text reference SW2 (at -0.96119 -4.14014) (layer F.SilkS)
      (effects (font (size 1.00124 1.00124) (thickness 0.05)))
    )
    (fp_text value Tactile (at -0.325215 4.11758) (layer F.SilkS)
      (effects (font (size 1.00062 1.00062) (thickness 0.05)))
    )
    (fp_line (start -3 3) (end -3 -3) (layer Eco2.User) (width 0.127))
    (fp_line (start -3 -3) (end 3 -3) (layer Eco2.User) (width 0.127))
    (fp_line (start 3 -3) (end 3 3) (layer Eco2.User) (width 0.127))
    (fp_line (start 3 3) (end -3 3) (layer Eco2.User) (width 0.127))
    (fp_line (start -2 -3) (end 2 -3) (layer F.SilkS) (width 0.127))
    (fp_line (start 3 -1) (end 3 1) (layer F.SilkS) (width 0.127))
    (fp_line (start -2 3) (end 2 3) (layer F.SilkS) (width 0.127))
    (fp_line (start -3 -1) (end -3 1) (layer F.SilkS) (width 0.127))
    (fp_line (start -4.25 -3.25) (end 4.25 -3.25) (layer Eco1.User) (width 0.05))
    (fp_line (start 4.25 -3.25) (end 4.25 3.25) (layer Eco1.User) (width 0.05))
    (fp_line (start 4.25 3.25) (end -4.25 3.25) (layer Eco1.User) (width 0.05))
    (fp_line (start -4.25 3.25) (end -4.25 -3.25) (layer Eco1.User) (width 0.05))
    (fp_circle (center -4.369 -2.25) (end -4.269 -2.25) (layer F.SilkS) (width 0.2))
    (pad 1 thru_hole circle (at -3.25 -2.25) (size 1.498 1.498) (drill 0.99) (layers *.Cu *.Mask)
      (net 17 /~RST))
    (pad 2 thru_hole circle (at 3.25 -2.25) (size 1.498 1.498) (drill 0.99) (layers *.Cu *.Mask)
      (net 17 /~RST))
    (pad 3 thru_hole circle (at -3.25 2.25) (size 1.498 1.498) (drill 0.99) (layers *.Cu *.Mask)
      (net 11 GND))
    (pad 4 thru_hole circle (at 3.25 2.25) (size 1.498 1.498) (drill 0.99) (layers *.Cu *.Mask)
      (net 11 GND))
  )

  (module BAT-HLD-001-THM:LINX_BAT-HLD-001-THM (layer F.Cu) (tedit 0) (tstamp 5DB890E5)
    (at 98.5 117)
    (path /5DAA293B)
    (fp_text reference BT1 (at -9.36166 -10.1368) (layer F.SilkS)
      (effects (font (size 1.00017 1.00017) (thickness 0.05)))
    )
    (fp_text value Battery_Cell (at -8.83773 10.0796) (layer F.SilkS)
      (effects (font (size 1.00144 1.00144) (thickness 0.05)))
    )
    (fp_circle (center 0 0) (end 8.9 0) (layer F.SilkS) (width 0.127))
    (fp_line (start -10.55 -5.6) (end -10.55 3.6) (layer Eco2.User) (width 0.127))
    (fp_line (start 10.55 -5.6) (end 10.55 3.6) (layer Eco2.User) (width 0.127))
    (fp_line (start -8 -7.5) (end 8 -7.5) (layer F.SilkS) (width 0.127))
    (fp_line (start -10.6 -5.6) (end -8 -7.5) (layer F.SilkS) (width 0.127))
    (fp_line (start 8 -7.5) (end 10.5 -5.6) (layer F.SilkS) (width 0.127))
    (fp_line (start -10.6 3.6) (end -6.2 8) (layer F.SilkS) (width 0.127))
    (fp_line (start 10.5 3.6) (end 6.1 8) (layer F.SilkS) (width 0.127))
    (fp_arc (start -0.05 18.6521) (end -6.2 8) (angle 60) (layer F.SilkS) (width 0.127))
    (fp_line (start -11.9 -9.3) (end 11.9 -9.3) (layer Eco1.User) (width 0.127))
    (fp_line (start 11.9 -9.3) (end 11.9 9.3) (layer Eco1.User) (width 0.127))
    (fp_line (start 11.9 9.3) (end -11.9 9.3) (layer Eco1.User) (width 0.127))
    (fp_line (start -11.9 9.3) (end -11.9 -9.3) (layer Eco1.User) (width 0.127))
    (pad +@1 thru_hole circle (at -10.4 -1.5) (size 2.3 2.3) (drill 1) (layers *.Cu *.Mask))
    (pad +@2 thru_hole circle (at -10.4 1.6) (size 2.3 2.3) (drill 1) (layers *.Cu *.Mask))
    (pad +@3 thru_hole circle (at 10.4 -1.5) (size 2.3 2.3) (drill 1) (layers *.Cu *.Mask))
    (pad +@4 thru_hole circle (at 10.4 1.627) (size 2.3 2.3) (drill 1) (layers *.Cu *.Mask))
    (pad - smd rect (at 0 0) (size 5 5) (layers F.Cu F.Paste F.Mask))
  )

  (module Capacitor_SMD:C_0805_2012Metric_Pad1.15x1.40mm_HandSolder (layer F.Cu) (tedit 5B36C52B) (tstamp 5DB890CF)
    (at 99.825001 80.385001)
    (descr "Capacitor SMD 0805 (2012 Metric), square (rectangular) end terminal, IPC_7351 nominal with elongated pad for handsoldering. (Body size source: https://docs.google.com/spreadsheets/d/1BsfQQcO9C6DZCsRaXUlFlo91Tg2WpOkGARC1WS5S8t0/edit?usp=sharing), generated with kicad-footprint-generator")
    (tags "capacitor handsolder")
    (path /5DA83A95)
    (attr smd)
    (fp_text reference C1 (at 0 -1.65) (layer F.SilkS)
      (effects (font (size 1 1) (thickness 0.15)))
    )
    (fp_text value 22pF (at 0 1.65) (layer F.Fab)
      (effects (font (size 1 1) (thickness 0.15)))
    )
    (fp_line (start -1 0.6) (end -1 -0.6) (layer F.Fab) (width 0.1))
    (fp_line (start -1 -0.6) (end 1 -0.6) (layer F.Fab) (width 0.1))
    (fp_line (start 1 -0.6) (end 1 0.6) (layer F.Fab) (width 0.1))
    (fp_line (start 1 0.6) (end -1 0.6) (layer F.Fab) (width 0.1))
    (fp_line (start -0.261252 -0.71) (end 0.261252 -0.71) (layer F.SilkS) (width 0.12))
    (fp_line (start -0.261252 0.71) (end 0.261252 0.71) (layer F.SilkS) (width 0.12))
    (fp_line (start -1.85 0.95) (end -1.85 -0.95) (layer F.CrtYd) (width 0.05))
    (fp_line (start -1.85 -0.95) (end 1.85 -0.95) (layer F.CrtYd) (width 0.05))
    (fp_line (start 1.85 -0.95) (end 1.85 0.95) (layer F.CrtYd) (width 0.05))
    (fp_line (start 1.85 0.95) (end -1.85 0.95) (layer F.CrtYd) (width 0.05))
    (fp_text user %R (at 0 0) (layer F.Fab)
      (effects (font (size 0.5 0.5) (thickness 0.08)))
    )
    (pad 1 smd roundrect (at -1.025 0) (size 1.15 1.4) (layers F.Cu F.Paste F.Mask) (roundrect_rratio 0.217391)
      (net 18 "Net-(C1-Pad1)"))
    (pad 2 smd roundrect (at 1.025 0) (size 1.15 1.4) (layers F.Cu F.Paste F.Mask) (roundrect_rratio 0.217391)
      (net 11 GND))
    (model ${KISYS3DMOD}/Capacitor_SMD.3dshapes/C_0805_2012Metric.wrl
      (at (xyz 0 0 0))
      (scale (xyz 1 1 1))
      (rotate (xyz 0 0 0))
    )
  )

  (module Capacitor_SMD:C_0805_2012Metric_Pad1.15x1.40mm_HandSolder (layer F.Cu) (tedit 5B36C52B) (tstamp 5DB890BE)
    (at 64.225001 108.745001)
    (descr "Capacitor SMD 0805 (2012 Metric), square (rectangular) end terminal, IPC_7351 nominal with elongated pad for handsoldering. (Body size source: https://docs.google.com/spreadsheets/d/1BsfQQcO9C6DZCsRaXUlFlo91Tg2WpOkGARC1WS5S8t0/edit?usp=sharing), generated with kicad-footprint-generator")
    (tags "capacitor handsolder")
    (path /5DA852FE)
    (attr smd)
    (fp_text reference C2 (at 0 -1.65) (layer F.SilkS)
      (effects (font (size 1 1) (thickness 0.15)))
    )
    (fp_text value 22pF (at 0 1.65) (layer F.Fab)
      (effects (font (size 1 1) (thickness 0.15)))
    )
    (fp_text user %R (at 0 0) (layer F.Fab)
      (effects (font (size 0.5 0.5) (thickness 0.08)))
    )
    (fp_line (start 1.85 0.95) (end -1.85 0.95) (layer F.CrtYd) (width 0.05))
    (fp_line (start 1.85 -0.95) (end 1.85 0.95) (layer F.CrtYd) (width 0.05))
    (fp_line (start -1.85 -0.95) (end 1.85 -0.95) (layer F.CrtYd) (width 0.05))
    (fp_line (start -1.85 0.95) (end -1.85 -0.95) (layer F.CrtYd) (width 0.05))
    (fp_line (start -0.261252 0.71) (end 0.261252 0.71) (layer F.SilkS) (width 0.12))
    (fp_line (start -0.261252 -0.71) (end 0.261252 -0.71) (layer F.SilkS) (width 0.12))
    (fp_line (start 1 0.6) (end -1 0.6) (layer F.Fab) (width 0.1))
    (fp_line (start 1 -0.6) (end 1 0.6) (layer F.Fab) (width 0.1))
    (fp_line (start -1 -0.6) (end 1 -0.6) (layer F.Fab) (width 0.1))
    (fp_line (start -1 0.6) (end -1 -0.6) (layer F.Fab) (width 0.1))
    (pad 2 smd roundrect (at 1.025 0) (size 1.15 1.4) (layers F.Cu F.Paste F.Mask) (roundrect_rratio 0.217391)
      (net 11 GND))
    (pad 1 smd roundrect (at -1.025 0) (size 1.15 1.4) (layers F.Cu F.Paste F.Mask) (roundrect_rratio 0.217391)
      (net 10 "Net-(C2-Pad1)"))
    (model ${KISYS3DMOD}/Capacitor_SMD.3dshapes/C_0805_2012Metric.wrl
      (at (xyz 0 0 0))
      (scale (xyz 1 1 1))
      (rotate (xyz 0 0 0))
    )
  )

  (module Capacitor_SMD:C_0805_2012Metric_Pad1.15x1.40mm_HandSolder (layer F.Cu) (tedit 5B36C52B) (tstamp 5DB890AD)
    (at 64.225001 110.695001)
    (descr "Capacitor SMD 0805 (2012 Metric), square (rectangular) end terminal, IPC_7351 nominal with elongated pad for handsoldering. (Body size source: https://docs.google.com/spreadsheets/d/1BsfQQcO9C6DZCsRaXUlFlo91Tg2WpOkGARC1WS5S8t0/edit?usp=sharing), generated with kicad-footprint-generator")
    (tags "capacitor handsolder")
    (path /5DA91F34)
    (attr smd)
    (fp_text reference C3 (at 0 -1.65) (layer F.SilkS)
      (effects (font (size 1 1) (thickness 0.15)))
    )
    (fp_text value 100nF (at 0 1.65) (layer F.Fab)
      (effects (font (size 1 1) (thickness 0.15)))
    )
    (fp_line (start -1 0.6) (end -1 -0.6) (layer F.Fab) (width 0.1))
    (fp_line (start -1 -0.6) (end 1 -0.6) (layer F.Fab) (width 0.1))
    (fp_line (start 1 -0.6) (end 1 0.6) (layer F.Fab) (width 0.1))
    (fp_line (start 1 0.6) (end -1 0.6) (layer F.Fab) (width 0.1))
    (fp_line (start -0.261252 -0.71) (end 0.261252 -0.71) (layer F.SilkS) (width 0.12))
    (fp_line (start -0.261252 0.71) (end 0.261252 0.71) (layer F.SilkS) (width 0.12))
    (fp_line (start -1.85 0.95) (end -1.85 -0.95) (layer F.CrtYd) (width 0.05))
    (fp_line (start -1.85 -0.95) (end 1.85 -0.95) (layer F.CrtYd) (width 0.05))
    (fp_line (start 1.85 -0.95) (end 1.85 0.95) (layer F.CrtYd) (width 0.05))
    (fp_line (start 1.85 0.95) (end -1.85 0.95) (layer F.CrtYd) (width 0.05))
    (fp_text user %R (at 0 0) (layer F.Fab)
      (effects (font (size 0.5 0.5) (thickness 0.08)))
    )
    (pad 1 smd roundrect (at -1.025 0) (size 1.15 1.4) (layers F.Cu F.Paste F.Mask) (roundrect_rratio 0.217391)
      (net 2 +3V3))
    (pad 2 smd roundrect (at 1.025 0) (size 1.15 1.4) (layers F.Cu F.Paste F.Mask) (roundrect_rratio 0.217391)
      (net 11 GND))
    (model ${KISYS3DMOD}/Capacitor_SMD.3dshapes/C_0805_2012Metric.wrl
      (at (xyz 0 0 0))
      (scale (xyz 1 1 1))
      (rotate (xyz 0 0 0))
    )
  )

  (module Capacitor_SMD:C_0805_2012Metric_Pad1.15x1.40mm_HandSolder (layer F.Cu) (tedit 5B36C52B) (tstamp 5DB8909C)
    (at 67.975001 108.745001)
    (descr "Capacitor SMD 0805 (2012 Metric), square (rectangular) end terminal, IPC_7351 nominal with elongated pad for handsoldering. (Body size source: https://docs.google.com/spreadsheets/d/1BsfQQcO9C6DZCsRaXUlFlo91Tg2WpOkGARC1WS5S8t0/edit?usp=sharing), generated with kicad-footprint-generator")
    (tags "capacitor handsolder")
    (path /5DA81362)
    (attr smd)
    (fp_text reference C4 (at 0 -1.65) (layer F.SilkS)
      (effects (font (size 1 1) (thickness 0.15)))
    )
    (fp_text value 2.2uF (at 0 1.65) (layer F.Fab)
      (effects (font (size 1 1) (thickness 0.15)))
    )
    (fp_text user %R (at 0 0) (layer F.Fab)
      (effects (font (size 0.5 0.5) (thickness 0.08)))
    )
    (fp_line (start 1.85 0.95) (end -1.85 0.95) (layer F.CrtYd) (width 0.05))
    (fp_line (start 1.85 -0.95) (end 1.85 0.95) (layer F.CrtYd) (width 0.05))
    (fp_line (start -1.85 -0.95) (end 1.85 -0.95) (layer F.CrtYd) (width 0.05))
    (fp_line (start -1.85 0.95) (end -1.85 -0.95) (layer F.CrtYd) (width 0.05))
    (fp_line (start -0.261252 0.71) (end 0.261252 0.71) (layer F.SilkS) (width 0.12))
    (fp_line (start -0.261252 -0.71) (end 0.261252 -0.71) (layer F.SilkS) (width 0.12))
    (fp_line (start 1 0.6) (end -1 0.6) (layer F.Fab) (width 0.1))
    (fp_line (start 1 -0.6) (end 1 0.6) (layer F.Fab) (width 0.1))
    (fp_line (start -1 -0.6) (end 1 -0.6) (layer F.Fab) (width 0.1))
    (fp_line (start -1 0.6) (end -1 -0.6) (layer F.Fab) (width 0.1))
    (pad 2 smd roundrect (at 1.025 0) (size 1.15 1.4) (layers F.Cu F.Paste F.Mask) (roundrect_rratio 0.217391)
      (net 11 GND))
    (pad 1 smd roundrect (at -1.025 0) (size 1.15 1.4) (layers F.Cu F.Paste F.Mask) (roundrect_rratio 0.217391)
      (net 39 "Net-(C4-Pad1)"))
    (model ${KISYS3DMOD}/Capacitor_SMD.3dshapes/C_0805_2012Metric.wrl
      (at (xyz 0 0 0))
      (scale (xyz 1 1 1))
      (rotate (xyz 0 0 0))
    )
  )

  (module Capacitor_SMD:C_0805_2012Metric_Pad1.15x1.40mm_HandSolder (layer F.Cu) (tedit 5B36C52B) (tstamp 5DB8908B)
    (at 64.225001 112.645001)
    (descr "Capacitor SMD 0805 (2012 Metric), square (rectangular) end terminal, IPC_7351 nominal with elongated pad for handsoldering. (Body size source: https://docs.google.com/spreadsheets/d/1BsfQQcO9C6DZCsRaXUlFlo91Tg2WpOkGARC1WS5S8t0/edit?usp=sharing), generated with kicad-footprint-generator")
    (tags "capacitor handsolder")
    (path /5DA83BC4)
    (attr smd)
    (fp_text reference C5 (at 0 -1.65) (layer F.SilkS)
      (effects (font (size 1 1) (thickness 0.15)))
    )
    (fp_text value 22uF (at 0 1.65) (layer F.Fab)
      (effects (font (size 1 1) (thickness 0.15)))
    )
    (fp_line (start -1 0.6) (end -1 -0.6) (layer F.Fab) (width 0.1))
    (fp_line (start -1 -0.6) (end 1 -0.6) (layer F.Fab) (width 0.1))
    (fp_line (start 1 -0.6) (end 1 0.6) (layer F.Fab) (width 0.1))
    (fp_line (start 1 0.6) (end -1 0.6) (layer F.Fab) (width 0.1))
    (fp_line (start -0.261252 -0.71) (end 0.261252 -0.71) (layer F.SilkS) (width 0.12))
    (fp_line (start -0.261252 0.71) (end 0.261252 0.71) (layer F.SilkS) (width 0.12))
    (fp_line (start -1.85 0.95) (end -1.85 -0.95) (layer F.CrtYd) (width 0.05))
    (fp_line (start -1.85 -0.95) (end 1.85 -0.95) (layer F.CrtYd) (width 0.05))
    (fp_line (start 1.85 -0.95) (end 1.85 0.95) (layer F.CrtYd) (width 0.05))
    (fp_line (start 1.85 0.95) (end -1.85 0.95) (layer F.CrtYd) (width 0.05))
    (fp_text user %R (at 0 0) (layer F.Fab)
      (effects (font (size 0.5 0.5) (thickness 0.08)))
    )
    (pad 1 smd roundrect (at -1.025 0) (size 1.15 1.4) (layers F.Cu F.Paste F.Mask) (roundrect_rratio 0.217391)
      (net 3 +5V))
    (pad 2 smd roundrect (at 1.025 0) (size 1.15 1.4) (layers F.Cu F.Paste F.Mask) (roundrect_rratio 0.217391)
      (net 11 GND))
    (model ${KISYS3DMOD}/Capacitor_SMD.3dshapes/C_0805_2012Metric.wrl
      (at (xyz 0 0 0))
      (scale (xyz 1 1 1))
      (rotate (xyz 0 0 0))
    )
  )

  (module Capacitor_SMD:C_0805_2012Metric_Pad1.15x1.40mm_HandSolder (layer F.Cu) (tedit 5B36C52B) (tstamp 5DB8907A)
    (at 97.375001 82.575001)
    (descr "Capacitor SMD 0805 (2012 Metric), square (rectangular) end terminal, IPC_7351 nominal with elongated pad for handsoldering. (Body size source: https://docs.google.com/spreadsheets/d/1BsfQQcO9C6DZCsRaXUlFlo91Tg2WpOkGARC1WS5S8t0/edit?usp=sharing), generated with kicad-footprint-generator")
    (tags "capacitor handsolder")
    (path /5DAA8B78)
    (attr smd)
    (fp_text reference C6 (at 0 -1.65) (layer F.SilkS)
      (effects (font (size 1 1) (thickness 0.15)))
    )
    (fp_text value 22uF (at 0 1.65) (layer F.Fab)
      (effects (font (size 1 1) (thickness 0.15)))
    )
    (fp_text user %R (at 0 0) (layer F.Fab)
      (effects (font (size 0.5 0.5) (thickness 0.08)))
    )
    (fp_line (start 1.85 0.95) (end -1.85 0.95) (layer F.CrtYd) (width 0.05))
    (fp_line (start 1.85 -0.95) (end 1.85 0.95) (layer F.CrtYd) (width 0.05))
    (fp_line (start -1.85 -0.95) (end 1.85 -0.95) (layer F.CrtYd) (width 0.05))
    (fp_line (start -1.85 0.95) (end -1.85 -0.95) (layer F.CrtYd) (width 0.05))
    (fp_line (start -0.261252 0.71) (end 0.261252 0.71) (layer F.SilkS) (width 0.12))
    (fp_line (start -0.261252 -0.71) (end 0.261252 -0.71) (layer F.SilkS) (width 0.12))
    (fp_line (start 1 0.6) (end -1 0.6) (layer F.Fab) (width 0.1))
    (fp_line (start 1 -0.6) (end 1 0.6) (layer F.Fab) (width 0.1))
    (fp_line (start -1 -0.6) (end 1 -0.6) (layer F.Fab) (width 0.1))
    (fp_line (start -1 0.6) (end -1 -0.6) (layer F.Fab) (width 0.1))
    (pad 2 smd roundrect (at 1.025 0) (size 1.15 1.4) (layers F.Cu F.Paste F.Mask) (roundrect_rratio 0.217391)
      (net 11 GND))
    (pad 1 smd roundrect (at -1.025 0) (size 1.15 1.4) (layers F.Cu F.Paste F.Mask) (roundrect_rratio 0.217391)
      (net 3 +5V))
    (model ${KISYS3DMOD}/Capacitor_SMD.3dshapes/C_0805_2012Metric.wrl
      (at (xyz 0 0 0))
      (scale (xyz 1 1 1))
      (rotate (xyz 0 0 0))
    )
  )

  (module Capacitor_SMD:C_0805_2012Metric_Pad1.15x1.40mm_HandSolder (layer F.Cu) (tedit 5B36C52B) (tstamp 5DB89069)
    (at 64.225001 114.595001)
    (descr "Capacitor SMD 0805 (2012 Metric), square (rectangular) end terminal, IPC_7351 nominal with elongated pad for handsoldering. (Body size source: https://docs.google.com/spreadsheets/d/1BsfQQcO9C6DZCsRaXUlFlo91Tg2WpOkGARC1WS5S8t0/edit?usp=sharing), generated with kicad-footprint-generator")
    (tags "capacitor handsolder")
    (path /5DA94D9F)
    (attr smd)
    (fp_text reference C7 (at 0 -1.65) (layer F.SilkS)
      (effects (font (size 1 1) (thickness 0.15)))
    )
    (fp_text value 120pF (at 0 1.65) (layer F.Fab)
      (effects (font (size 1 1) (thickness 0.15)))
    )
    (fp_line (start -1 0.6) (end -1 -0.6) (layer F.Fab) (width 0.1))
    (fp_line (start -1 -0.6) (end 1 -0.6) (layer F.Fab) (width 0.1))
    (fp_line (start 1 -0.6) (end 1 0.6) (layer F.Fab) (width 0.1))
    (fp_line (start 1 0.6) (end -1 0.6) (layer F.Fab) (width 0.1))
    (fp_line (start -0.261252 -0.71) (end 0.261252 -0.71) (layer F.SilkS) (width 0.12))
    (fp_line (start -0.261252 0.71) (end 0.261252 0.71) (layer F.SilkS) (width 0.12))
    (fp_line (start -1.85 0.95) (end -1.85 -0.95) (layer F.CrtYd) (width 0.05))
    (fp_line (start -1.85 -0.95) (end 1.85 -0.95) (layer F.CrtYd) (width 0.05))
    (fp_line (start 1.85 -0.95) (end 1.85 0.95) (layer F.CrtYd) (width 0.05))
    (fp_line (start 1.85 0.95) (end -1.85 0.95) (layer F.CrtYd) (width 0.05))
    (fp_text user %R (at 0 0) (layer F.Fab)
      (effects (font (size 0.5 0.5) (thickness 0.08)))
    )
    (pad 1 smd roundrect (at -1.025 0) (size 1.15 1.4) (layers F.Cu F.Paste F.Mask) (roundrect_rratio 0.217391)
      (net 3 +5V))
    (pad 2 smd roundrect (at 1.025 0) (size 1.15 1.4) (layers F.Cu F.Paste F.Mask) (roundrect_rratio 0.217391)
      (net 16 "Net-(C7-Pad2)"))
    (model ${KISYS3DMOD}/Capacitor_SMD.3dshapes/C_0805_2012Metric.wrl
      (at (xyz 0 0 0))
      (scale (xyz 1 1 1))
      (rotate (xyz 0 0 0))
    )
  )

  (module Capacitor_SMD:C_1206_3216Metric_Pad1.42x1.75mm_HandSolder (layer F.Cu) (tedit 5B301BBE) (tstamp 5DB89058)
    (at 66.515001 82.915001)
    (descr "Capacitor SMD 1206 (3216 Metric), square (rectangular) end terminal, IPC_7351 nominal with elongated pad for handsoldering. (Body size source: http://www.tortai-tech.com/upload/download/2011102023233369053.pdf), generated with kicad-footprint-generator")
    (tags "capacitor handsolder")
    (path /5DAAE01C)
    (attr smd)
    (fp_text reference C8 (at 0 -1.82) (layer F.SilkS)
      (effects (font (size 1 1) (thickness 0.15)))
    )
    (fp_text value 1uF (at 0 1.82) (layer F.Fab)
      (effects (font (size 1 1) (thickness 0.15)))
    )
    (fp_text user %R (at 0 0) (layer F.Fab)
      (effects (font (size 0.8 0.8) (thickness 0.12)))
    )
    (fp_line (start 2.45 1.12) (end -2.45 1.12) (layer F.CrtYd) (width 0.05))
    (fp_line (start 2.45 -1.12) (end 2.45 1.12) (layer F.CrtYd) (width 0.05))
    (fp_line (start -2.45 -1.12) (end 2.45 -1.12) (layer F.CrtYd) (width 0.05))
    (fp_line (start -2.45 1.12) (end -2.45 -1.12) (layer F.CrtYd) (width 0.05))
    (fp_line (start -0.602064 0.91) (end 0.602064 0.91) (layer F.SilkS) (width 0.12))
    (fp_line (start -0.602064 -0.91) (end 0.602064 -0.91) (layer F.SilkS) (width 0.12))
    (fp_line (start 1.6 0.8) (end -1.6 0.8) (layer F.Fab) (width 0.1))
    (fp_line (start 1.6 -0.8) (end 1.6 0.8) (layer F.Fab) (width 0.1))
    (fp_line (start -1.6 -0.8) (end 1.6 -0.8) (layer F.Fab) (width 0.1))
    (fp_line (start -1.6 0.8) (end -1.6 -0.8) (layer F.Fab) (width 0.1))
    (pad 2 smd roundrect (at 1.4875 0) (size 1.425 1.75) (layers F.Cu F.Paste F.Mask) (roundrect_rratio 0.175439)
      (net 11 GND))
    (pad 1 smd roundrect (at -1.4875 0) (size 1.425 1.75) (layers F.Cu F.Paste F.Mask) (roundrect_rratio 0.175439)
      (net 3 +5V))
    (model ${KISYS3DMOD}/Capacitor_SMD.3dshapes/C_1206_3216Metric.wrl
      (at (xyz 0 0 0))
      (scale (xyz 1 1 1))
      (rotate (xyz 0 0 0))
    )
  )

  (module Capacitor_SMD:C_1206_3216Metric_Pad1.42x1.75mm_HandSolder (layer F.Cu) (tedit 5B301BBE) (tstamp 5DB89047)
    (at 66.515001 85.205001)
    (descr "Capacitor SMD 1206 (3216 Metric), square (rectangular) end terminal, IPC_7351 nominal with elongated pad for handsoldering. (Body size source: http://www.tortai-tech.com/upload/download/2011102023233369053.pdf), generated with kicad-footprint-generator")
    (tags "capacitor handsolder")
    (path /5DABAFC3)
    (attr smd)
    (fp_text reference C9 (at 0 -1.82) (layer F.SilkS)
      (effects (font (size 1 1) (thickness 0.15)))
    )
    (fp_text value 1uF (at 0 1.82) (layer F.Fab)
      (effects (font (size 1 1) (thickness 0.15)))
    )
    (fp_line (start -1.6 0.8) (end -1.6 -0.8) (layer F.Fab) (width 0.1))
    (fp_line (start -1.6 -0.8) (end 1.6 -0.8) (layer F.Fab) (width 0.1))
    (fp_line (start 1.6 -0.8) (end 1.6 0.8) (layer F.Fab) (width 0.1))
    (fp_line (start 1.6 0.8) (end -1.6 0.8) (layer F.Fab) (width 0.1))
    (fp_line (start -0.602064 -0.91) (end 0.602064 -0.91) (layer F.SilkS) (width 0.12))
    (fp_line (start -0.602064 0.91) (end 0.602064 0.91) (layer F.SilkS) (width 0.12))
    (fp_line (start -2.45 1.12) (end -2.45 -1.12) (layer F.CrtYd) (width 0.05))
    (fp_line (start -2.45 -1.12) (end 2.45 -1.12) (layer F.CrtYd) (width 0.05))
    (fp_line (start 2.45 -1.12) (end 2.45 1.12) (layer F.CrtYd) (width 0.05))
    (fp_line (start 2.45 1.12) (end -2.45 1.12) (layer F.CrtYd) (width 0.05))
    (fp_text user %R (at 0 0) (layer F.Fab)
      (effects (font (size 0.8 0.8) (thickness 0.12)))
    )
    (pad 1 smd roundrect (at -1.4875 0) (size 1.425 1.75) (layers F.Cu F.Paste F.Mask) (roundrect_rratio 0.175439)
      (net 2 +3V3))
    (pad 2 smd roundrect (at 1.4875 0) (size 1.425 1.75) (layers F.Cu F.Paste F.Mask) (roundrect_rratio 0.175439)
      (net 11 GND))
    (model ${KISYS3DMOD}/Capacitor_SMD.3dshapes/C_1206_3216Metric.wrl
      (at (xyz 0 0 0))
      (scale (xyz 1 1 1))
      (rotate (xyz 0 0 0))
    )
  )

  (module Capacitor_THT:CP_Radial_D6.3mm_P2.50mm (layer F.Cu) (tedit 5AE50EF0) (tstamp 5DB89036)
    (at 65.960242 104.345001)
    (descr "CP, Radial series, Radial, pin pitch=2.50mm, , diameter=6.3mm, Electrolytic Capacitor")
    (tags "CP Radial series Radial pin pitch 2.50mm  diameter 6.3mm Electrolytic Capacitor")
    (path /5DB3816F)
    (fp_text reference C10 (at 1.25 -4.4) (layer F.SilkS)
      (effects (font (size 1 1) (thickness 0.15)))
    )
    (fp_text value 100uF (at 1.25 4.4) (layer F.Fab)
      (effects (font (size 1 1) (thickness 0.15)))
    )
    (fp_circle (center 1.25 0) (end 4.4 0) (layer F.Fab) (width 0.1))
    (fp_circle (center 1.25 0) (end 4.52 0) (layer F.SilkS) (width 0.12))
    (fp_circle (center 1.25 0) (end 4.65 0) (layer F.CrtYd) (width 0.05))
    (fp_line (start -1.443972 -1.3735) (end -0.813972 -1.3735) (layer F.Fab) (width 0.1))
    (fp_line (start -1.128972 -1.6885) (end -1.128972 -1.0585) (layer F.Fab) (width 0.1))
    (fp_line (start 1.25 -3.23) (end 1.25 3.23) (layer F.SilkS) (width 0.12))
    (fp_line (start 1.29 -3.23) (end 1.29 3.23) (layer F.SilkS) (width 0.12))
    (fp_line (start 1.33 -3.23) (end 1.33 3.23) (layer F.SilkS) (width 0.12))
    (fp_line (start 1.37 -3.228) (end 1.37 3.228) (layer F.SilkS) (width 0.12))
    (fp_line (start 1.41 -3.227) (end 1.41 3.227) (layer F.SilkS) (width 0.12))
    (fp_line (start 1.45 -3.224) (end 1.45 3.224) (layer F.SilkS) (width 0.12))
    (fp_line (start 1.49 -3.222) (end 1.49 -1.04) (layer F.SilkS) (width 0.12))
    (fp_line (start 1.49 1.04) (end 1.49 3.222) (layer F.SilkS) (width 0.12))
    (fp_line (start 1.53 -3.218) (end 1.53 -1.04) (layer F.SilkS) (width 0.12))
    (fp_line (start 1.53 1.04) (end 1.53 3.218) (layer F.SilkS) (width 0.12))
    (fp_line (start 1.57 -3.215) (end 1.57 -1.04) (layer F.SilkS) (width 0.12))
    (fp_line (start 1.57 1.04) (end 1.57 3.215) (layer F.SilkS) (width 0.12))
    (fp_line (start 1.61 -3.211) (end 1.61 -1.04) (layer F.SilkS) (width 0.12))
    (fp_line (start 1.61 1.04) (end 1.61 3.211) (layer F.SilkS) (width 0.12))
    (fp_line (start 1.65 -3.206) (end 1.65 -1.04) (layer F.SilkS) (width 0.12))
    (fp_line (start 1.65 1.04) (end 1.65 3.206) (layer F.SilkS) (width 0.12))
    (fp_line (start 1.69 -3.201) (end 1.69 -1.04) (layer F.SilkS) (width 0.12))
    (fp_line (start 1.69 1.04) (end 1.69 3.201) (layer F.SilkS) (width 0.12))
    (fp_line (start 1.73 -3.195) (end 1.73 -1.04) (layer F.SilkS) (width 0.12))
    (fp_line (start 1.73 1.04) (end 1.73 3.195) (layer F.SilkS) (width 0.12))
    (fp_line (start 1.77 -3.189) (end 1.77 -1.04) (layer F.SilkS) (width 0.12))
    (fp_line (start 1.77 1.04) (end 1.77 3.189) (layer F.SilkS) (width 0.12))
    (fp_line (start 1.81 -3.182) (end 1.81 -1.04) (layer F.SilkS) (width 0.12))
    (fp_line (start 1.81 1.04) (end 1.81 3.182) (layer F.SilkS) (width 0.12))
    (fp_line (start 1.85 -3.175) (end 1.85 -1.04) (layer F.SilkS) (width 0.12))
    (fp_line (start 1.85 1.04) (end 1.85 3.175) (layer F.SilkS) (width 0.12))
    (fp_line (start 1.89 -3.167) (end 1.89 -1.04) (layer F.SilkS) (width 0.12))
    (fp_line (start 1.89 1.04) (end 1.89 3.167) (layer F.SilkS) (width 0.12))
    (fp_line (start 1.93 -3.159) (end 1.93 -1.04) (layer F.SilkS) (width 0.12))
    (fp_line (start 1.93 1.04) (end 1.93 3.159) (layer F.SilkS) (width 0.12))
    (fp_line (start 1.971 -3.15) (end 1.971 -1.04) (layer F.SilkS) (width 0.12))
    (fp_line (start 1.971 1.04) (end 1.971 3.15) (layer F.SilkS) (width 0.12))
    (fp_line (start 2.011 -3.141) (end 2.011 -1.04) (layer F.SilkS) (width 0.12))
    (fp_line (start 2.011 1.04) (end 2.011 3.141) (layer F.SilkS) (width 0.12))
    (fp_line (start 2.051 -3.131) (end 2.051 -1.04) (layer F.SilkS) (width 0.12))
    (fp_line (start 2.051 1.04) (end 2.051 3.131) (layer F.SilkS) (width 0.12))
    (fp_line (start 2.091 -3.121) (end 2.091 -1.04) (layer F.SilkS) (width 0.12))
    (fp_line (start 2.091 1.04) (end 2.091 3.121) (layer F.SilkS) (width 0.12))
    (fp_line (start 2.131 -3.11) (end 2.131 -1.04) (layer F.SilkS) (width 0.12))
    (fp_line (start 2.131 1.04) (end 2.131 3.11) (layer F.SilkS) (width 0.12))
    (fp_line (start 2.171 -3.098) (end 2.171 -1.04) (layer F.SilkS) (width 0.12))
    (fp_line (start 2.171 1.04) (end 2.171 3.098) (layer F.SilkS) (width 0.12))
    (fp_line (start 2.211 -3.086) (end 2.211 -1.04) (layer F.SilkS) (width 0.12))
    (fp_line (start 2.211 1.04) (end 2.211 3.086) (layer F.SilkS) (width 0.12))
    (fp_line (start 2.251 -3.074) (end 2.251 -1.04) (layer F.SilkS) (width 0.12))
    (fp_line (start 2.251 1.04) (end 2.251 3.074) (layer F.SilkS) (width 0.12))
    (fp_line (start 2.291 -3.061) (end 2.291 -1.04) (layer F.SilkS) (width 0.12))
    (fp_line (start 2.291 1.04) (end 2.291 3.061) (layer F.SilkS) (width 0.12))
    (fp_line (start 2.331 -3.047) (end 2.331 -1.04) (layer F.SilkS) (width 0.12))
    (fp_line (start 2.331 1.04) (end 2.331 3.047) (layer F.SilkS) (width 0.12))
    (fp_line (start 2.371 -3.033) (end 2.371 -1.04) (layer F.SilkS) (width 0.12))
    (fp_line (start 2.371 1.04) (end 2.371 3.033) (layer F.SilkS) (width 0.12))
    (fp_line (start 2.411 -3.018) (end 2.411 -1.04) (layer F.SilkS) (width 0.12))
    (fp_line (start 2.411 1.04) (end 2.411 3.018) (layer F.SilkS) (width 0.12))
    (fp_line (start 2.451 -3.002) (end 2.451 -1.04) (layer F.SilkS) (width 0.12))
    (fp_line (start 2.451 1.04) (end 2.451 3.002) (layer F.SilkS) (width 0.12))
    (fp_line (start 2.491 -2.986) (end 2.491 -1.04) (layer F.SilkS) (width 0.12))
    (fp_line (start 2.491 1.04) (end 2.491 2.986) (layer F.SilkS) (width 0.12))
    (fp_line (start 2.531 -2.97) (end 2.531 -1.04) (layer F.SilkS) (width 0.12))
    (fp_line (start 2.531 1.04) (end 2.531 2.97) (layer F.SilkS) (width 0.12))
    (fp_line (start 2.571 -2.952) (end 2.571 -1.04) (layer F.SilkS) (width 0.12))
    (fp_line (start 2.571 1.04) (end 2.571 2.952) (layer F.SilkS) (width 0.12))
    (fp_line (start 2.611 -2.934) (end 2.611 -1.04) (layer F.SilkS) (width 0.12))
    (fp_line (start 2.611 1.04) (end 2.611 2.934) (layer F.SilkS) (width 0.12))
    (fp_line (start 2.651 -2.916) (end 2.651 -1.04) (layer F.SilkS) (width 0.12))
    (fp_line (start 2.651 1.04) (end 2.651 2.916) (layer F.SilkS) (width 0.12))
    (fp_line (start 2.691 -2.896) (end 2.691 -1.04) (layer F.SilkS) (width 0.12))
    (fp_line (start 2.691 1.04) (end 2.691 2.896) (layer F.SilkS) (width 0.12))
    (fp_line (start 2.731 -2.876) (end 2.731 -1.04) (layer F.SilkS) (width 0.12))
    (fp_line (start 2.731 1.04) (end 2.731 2.876) (layer F.SilkS) (width 0.12))
    (fp_line (start 2.771 -2.856) (end 2.771 -1.04) (layer F.SilkS) (width 0.12))
